p cnf 30 85
a 0
e 1 2 3 4 5 6 7 8 9 10 11 12 13 14 15 16 17 18 19 20 21 22 23 24 25 26 27 28 29 30 0
3 2 1 0
-3 -2 0
-3 -1 0
-2 -1 0
6 5 4 0
-6 -5 0
-6 -4 0
-5 -4 0
9 8 7 0
-9 -8 0
-9 -7 0
-8 -7 0
12 11 10 0
-12 -11 0
-12 -10 0
-11 -10 0
15 14 13 0
-15 -14 0
-15 -13 0
-14 -13 0
18 17 16 0
-18 -17 0
-18 -16 0
-17 -16 0
21 20 19 0
-21 -20 0
-21 -19 0
-20 -19 0
24 23 22 0
-24 -23 0
-24 -22 0
-23 -22 0
27 26 25 0
-27 -26 0
-27 -25 0
-26 -25 0
30 29 28 0
-30 -29 0
-30 -28 0
-29 -28 0
-1 -4 0
-2 -5 0
-3 -6 0
-4 -7 0
-5 -8 0
-6 -9 0
-7 -10 0
-8 -11 0
-9 -12 0
-10 -13 0
-11 -14 0
-12 -15 0
-13 -1 0
-14 -2 0
-15 -3 0
-1 -16 0
-2 -17 0
-3 -18 0
-4 -19 0
-5 -20 0
-6 -21 0
-7 -22 0
-8 -23 0
-9 -24 0
-10 -25 0
-11 -26 0
-12 -27 0
-13 -28 0
-14 -29 0
-15 -30 0
-16 -22 0
-17 -23 0
-18 -24 0
-19 -25 0
-20 -26 0
-21 -27 0
-22 -28 0
-23 -29 0
-24 -30 0
-25 -16 0
-26 -17 0
-27 -18 0
-28 -19 0
-29 -20 0
-30 -21 0
